H 1.008 10
He  2 4.003 5
Li 3 6.941 25
Be 4 9.012 25
B 5 10.91 25
C 6 12.01 28
N 7 14.00 28
O 8 15.99 28
F 9 18.99 25
Ne 10 20.18 5
Na 11 22.99 25
Mg 12 24.30 25
Al 13 26.98 25
Si 14 28.08 15
P 15 30.97 25
S 16 32.06 25
Cl 17 35.45 25
Ar 18 39.94 5
K 19 39.09 25
Ca 20 40.08 25
Sc 21 44.95 25
Ti 22 47.9 25
V 23 50.94 25
Cr 24 51.99 25
Mn 25 54.93 25
Fe 26 55.84 25
Co 27 58.93 25
Ni 28 58.69 25
Cu 29 63.54 25
Zn 30 65.39 25
Ga 31 69.72 25
Ge 32 72.61 15
As 33 74.92 25
Se 34 78.96 25
Br 35 79.90 25
Kr 36 83.8 25
Ru 37 85.47 25
Sr 38 87.62 25
Y 39 88.90 25
Zr 40 91.22 25
Nb 41 92.90 25
Mo 42 95.94 25
Tc 43 97 25
Ru 44 101.0 25
Rh 45 102.9 25
Pd 46 106.4 25
Ag 47 107.8 25
Cd 48 112.4 25
In 49 114.8 25
Sn 50 118.7 25
Sb 51 121.7 25
Te 52 127.6 25
I 53 126.9 25
Xe 54 131.3 5
Cs 55 132.9 25
Ba 56 137.3 25
La 57 138.9 25
Ce 58 140.1 25
Pr 59 140.9 25
Nd 60 144.2 25
Pm 61 148 25
Sm 62 150.3 25
Eu 63 151.9 25
Gd 64 157.2 25
Tb 65 158.9 25
Dy 66 162.5 25
Ho 67 164.9 25
Er 68 167.2 25
Tm 69 168.9 25
Yb 70 173.0 25
Lu 71 174.9 25
Hf 72 178.4 25
Ta 73 180.9 25
W 74 183.8 25
Re 75 186.2 25
Os 76 190.2 25
Ir 77 192.2 25
Pt 78 195.0 25
Au 79 196.9 25
Hg 80 200.5 25
Tl 81 204.3 25
Pb 82 207.1 25
Bi 83 208.9 25
Po 84 210 25
At 85 210 25
Rn 86 222 25
Fr 87 223 25
Ra 88 226 25
Ac 89 227 25
