01  0.0121702 .00533578   1.12874   0.364197  1120.7    1.12128   2477.31   .009770990
02  0.4890013 .0050512491 0.8613451 0.4674054  745.3815 1.0422672 7988.3889 .033328667
03  0.8583748 .0050147482 1.6044494 0.3884424 1337.3032 1.047033  2659.2306 .018979873
04  0.8781010 .0051049349 5.4231571 0.2031973 1200.6151 1.0211124 1401.8432 .038529280
05  1.4607952 .0048835929 2.3380238 0.4424895 1801.2741 1.0352217 1784.1234 .020239625
06  2.10544   .00490795   2.08723   0.46258   1779.22   1.01472   2324.45   .020269400
07  0.645636  .00508289   4.09503   0.33879   2938.49   1.04017   2911.08   .010721900
08  0.751093  .00503003   3.93983   0.346199  2287.85   1.01171   3997.24   .018426800
09  1.30187   .00514136   3.82737   0.28151   2829.94   1.02762   7831.3    .020940300
10  4.7339096 .0044505735 0.0298622 1.4940358 1825.3641 0.9789632 130.76313 .021576591
11  6.097248  .0044291901 3.1929400 0.4576301 1363.3487 0.9518161 2380.6086 .081834623
12 14.013106  .0043645904 2.2641223 0.3632649 2187.3659 0.9909772 6264.8005 .046200118
13  0.0390926 .0045416623 6.9692434 0.3297639 1688.3008 0.9594386 1151.9784 .048981572
14  2.178134  .0044454523 2.6045162 0.6088463 1550.2068 0.9330245 1703.8459 .031619771
15 17.575478  .0038345645 0.0786935 1.2388076 2805.9699 0.9728416 1037.5875 .012878599
16  3.1473    .0044716    4.9747    0.41024   4005.8    1.0011    1898.8    .007659200
17  3.3544    .004474     5.9206    0.41003   4403.9    0.99623   2006.9    .008231000
18  2.0378865 .0044775111 3.0742856 0.5477292 3505.0123 0.9757545 1714.0455 .011700915
19  0.7417072 .0043051307 1.1514679 0.9508284  917.2098 0.8781994 389.93209 .189257680
20  9.1315679 .0043809163 5.4610696 0.3132704 3891.8065 0.9793344 6267.9299 .015195719
21  7.2247467 .0043718065 6.1016923 0.3751071 2829.2167 0.9521775 6376.1223 .020398311
22  0.1469983 .0048456345 6.3484619 0.4105728 2164.1297 0.9402756 5292.6185 .050263311
23  5.0611377 .0039867276 2.6173973 0.5795689 2218.8786 0.9236074 6323.0262 .025669274
24  0.5326669 .0042967841 0.3900533 1.2725384 1872.6784 0.9077604  64.16607 .030106759
25  0.4769667 .0043038251 0.3145150 1.3289335 1920.5366 0.9064879  45.57647 .027469102
26  0.0274264 .0035443371 0.0315632 2.1754694 1919.5468 0.9009877  23.90246 .025362735
27  0.1638265 .0043042231 0.0734540 1.8591669 1918.4213 0.8967809  27.60974 .023184259
28  4.2562307 .0043736651 1.5605733 0.7206703 1546.8412 0.8795769 302.01726 .040944280
29  2.3508344 .0043236552 2.8820471 0.5011277 1837.724  0.8999210 2376.9522 .049650048
30  3.1095234 .0038454560 0.1147724 1.5037112 2184.6911 0.8930896  67.30570 .016587522
31 15.321773  .0040306222 0.6539090 0.6766839 3001.7127 0.9248419 3344.1849 .016366484
32  3.6931934 .0044813010 8.6080131 0.2763752 2982.6649 0.9276011 3166.5676 .030873833
33  7.1372758 .0043134079 9.4247048 0.2793700 2725.8278 0.9159744 3166.0773 .025007912
34  4.8979355 .0042936681 3.7793113 0.5000385 2824.4987 0.9102752 1282.4213 .017061405
35  1.3682731 .0043024195 2.5678732 0.6082169 6907.8291 0.9817031 628.00764 .006805497
36  2.2352779 .0043096475 4.8856225 0.4788315 4972.2755 0.9514553 1185.2258 .009235595
37  0.4205605 .0041168716 0.0169498 2.3615903 2252.7284 0.8919173  39.75195 .027756682
38 30.779774  .0037736081 0.5581330 0.7681590 7113.1556 0.9769719 1604.3936 .006526788
39 11.575976  .0042119068 7.0244432 0.3776444 4713.5219 0.9426371 2493.2196 .011269740
40  6.2405791 .0041916428 5.2701225 0.4945333 4234.5506 0.9323158 2063.9198 .011844234
41  0.3307332 .0041243377 1.7246018 1.1062067 1930.1909 0.8690703  27.41631 .038208323
42  0.0177470 .0041715317 0.1458581 1.7305221 1803.6188 0.8631518  29.66948 .032122562
43  3.7228678 .0041768103 4.6286038 0.5676889 1678.0247 0.8620204 3093.9512 .062440177
44  0.1399838 .0041328551 0.2557267 1.4241133 1919.2613 0.8632628  72.79694 .032235102
45  0.2858978 .0041385894 0.3130097 1.3423521 1954.8161 0.8617511 115.18178 .029341706
46  0.7600193 .0042179200 3.3859683 0.7628467 1867.3886 0.8580521  69.99413 .036447779
47  6.395683  .0041934620 5.4689075 0.4137814 1712.6134 0.8539727 18493.003 .056470873
48  3.471693  .0041343969 3.2337247 0.6378845 1116.3584 0.8195894 4766.0254 .117895110
49  2.5265128 .0042282025 4.5319769 0.5356240 1030.8484 0.8165170 16252.232 .197218350
50  7.3682953 .0041006764 4.6791094 0.5142830 1160.0010 0.8245361 17964.821 .133160090
51  7.7197216 .0043879762 3.2419754 0.6843444 1428.1143 0.8339777 1786.6706 .066512413
52 16.779901  .0041917673 9.3197716 0.2956838 3370.9153 0.9028867 7431.7168 .026159672
53  4.2132343 .0042097824 4.6753325 0.5794508 3503.9280 0.8926145 1468.8716 .014359044
54  4.6188934 .0042203349 5.8164363 0.5218418 3961.2382 0.9040966 1473.2618 .014194525
55  0.1851741 .0036214664 0.0005878 3.5315422 2931.2998 0.8893605  26.17981 .026392988
56  4.8248318 .0041457784 6.0934255 0.5702562 2300.1078 0.8635875 2980.7187 .038678811
57  0.4985675 .0041054097 1.9775408 0.9587658 0786.5483 0.7850915 806.59969 .408823790
58  3.275439  .0042177424 5.7680306 0.5405402 6631.2873 0.9428168 744.06608 .008302589
59  2.9978278 .0040901358 4.5298608 0.6202474 2161.1538 0.8566884 1268.5942 .043030519
60  2.8701111 .0040959577 4.2567723 0.6137956 2130.4334 0.8523469 1704.1091 .039384664
61 10.852925  .0041148811 5.8907486 0.4683363 2857.1706 0.8754973 3654.168  .029955419
62  3.64072   .0041782043 4.8742398 0.5786142 1267.6986 0.8221108 3508.1718 .241737030
63 17.645466  .0040991510 6.5855038 0.3273433 3931.3048 0.9075401 5156.6611 .036278412
64  7.5308869 .0040813717 4.9389060 0.5067915 2519.6680 0.8581850 3314.6247 .030514306
65  5.4741845 .0040828895 4.8969573 0.5111306 2340.0736 0.8529648 2342.6752 .035661774
66  4.266075  .0040667385 4.5031787 0.5525674 2076.3920 0.8415133 1666.5639 .040801264
67  6.8312811 .0040485776 4.3986952 0.5167493 2003.0028 0.8343741 1410.4455 .034779520
68  1.2707048 .0040553442 4.6294611 0.5742751 1626.2816 0.8185828 995.68122 .055319240
69  5.7561274 .0040490505 4.356999  0.5249555 2207.3232 0.8379555 1579.5099 .027165033
70 14.127459  .0040595861 5.8303935 0.3775487 3645.8910 0.8782317 3411.7714 .016392116
71  6.6947551 .0040602520 4.9361227 0.4796132 2719.0292 0.8524863 1885.8388 .019713210
72  3.0618944 .0040511084 3.5802967 0.5908198 2346.0989 0.8371319 1221.9881 .020071670
73 10.810811  .0033007875 1.3767142 0.7651179 2003.7300 0.8226856 1110.5686 .024957749
74  2.7100691 .0040960825 1.2289456 0.9859815 1232.3872 0.7906638 155.42021 .047294287
75  0.5234523 .0040243824 1.4037997 0.8551002 1461.3907 0.7967727 503.34277 .036789456
76  0.4616005 .0040202735 1.3014089 0.8704331 1473.5357 0.7968670 443.08542 .036301488
77  0.9781437 .0040374101 2.0126698 0.7225008 1890.8068 0.8174691 930.70144 .027690448
78  3.2085673 .0040510075 3.6657671 0.5361780 3091.1569 0.8560235 1508.1176 .015401358
79  2.0035097 .0040430629 7.4882362 0.3560990 4464.3312 0.8883581 3966.5437 .012838852
80 15.429952  .0039432123 1.1237408 0.7070324 4595.7209 0.8843687 1576.4704 .008853375
81  3.1512351 .0040523543 4.0995555 0.5424994 3246.3125 0.8577231 1691.7661 .015058053
82  7.1896291 .0040587571 8.6927070 0.3584227 4760.5609 0.8883332 2888.2709 .011029181
83  9.320869  .0040539730 11.542820 0.3202666 4866.1620 0.8912398 3213.3794 .011934944
84 29.242217  .0036194863 0.1686396 1.1226448 5687.9614 0.8981205 1033.2571 .007130312
85  1.8522161 .0039972862 3.1556025 0.6509577 3754.9715 0.8638291 1602.0163 .012041676
86  3.221995  .0040040926 5.9023588 0.5267790 4040.1546 0.8680370 1658.3527 .011746940
87  9.3412359 .0039660558 7.920988  0.4297687 5180.8957 0.8877259 2173.1554 .009200702
88 36.182673  .0036003237 0.5834109 0.8674703 6990.2108 0.9108200 1417.0974 .006218743
89  5.9283892 .0039694789 6.4082404 0.5212246 4619.5148 0.8808273 2323.5230 .011627375
90  5.2453649 .0039744049 6.7968897 0.4854236 4586.3094 0.8779443 2481.5001 .011282428
91 33.701736  .003690143  0.4725717 0.8923500 5295.6866 0.8892973 2053.3026 .009190849
92  2.7588977 .0039805707 3.2091513 0.6612173 2505.3660 0.8286302 2065.1403 .022815839
